(kicad_pcb (version 20171130) (host pcbnew 5.0.1-33cea8e~68~ubuntu18.04.1)

  (general
    (thickness 1.6)
    (drawings 10)
    (tracks 145)
    (zones 0)
    (modules 39)
    (nets 27)
  )

  (page A4)
  (layers
    (0 F.Cu signal)
    (31 B.Cu signal)
    (32 B.Adhes user)
    (33 F.Adhes user)
    (34 B.Paste user)
    (35 F.Paste user)
    (36 B.SilkS user)
    (37 F.SilkS user)
    (38 B.Mask user)
    (39 F.Mask user)
    (40 Dwgs.User user)
    (41 Cmts.User user)
    (42 Eco1.User user)
    (43 Eco2.User user)
    (44 Edge.Cuts user)
    (45 Margin user)
    (46 B.CrtYd user)
    (47 F.CrtYd user)
    (48 B.Fab user)
    (49 F.Fab user)
  )

  (setup
    (last_trace_width 0.25)
    (trace_clearance 0.2)
    (zone_clearance 0.508)
    (zone_45_only no)
    (trace_min 0.2)
    (segment_width 0.2)
    (edge_width 0.15)
    (via_size 0.8)
    (via_drill 0.4)
    (via_min_size 0.4)
    (via_min_drill 0.3)
    (uvia_size 0.3)
    (uvia_drill 0.1)
    (uvias_allowed no)
    (uvia_min_size 0.2)
    (uvia_min_drill 0.1)
    (pcb_text_width 0.3)
    (pcb_text_size 1.5 1.5)
    (mod_edge_width 0.15)
    (mod_text_size 1 1)
    (mod_text_width 0.15)
    (pad_size 1.524 1.524)
    (pad_drill 0.762)
    (pad_to_mask_clearance 0.051)
    (solder_mask_min_width 0.25)
    (aux_axis_origin 0 0)
    (visible_elements FFFDFF7F)
    (pcbplotparams
      (layerselection 0x3d0fc_ffffffff)
      (usegerberextensions false)
      (usegerberattributes false)
      (usegerberadvancedattributes false)
      (creategerberjobfile false)
      (excludeedgelayer true)
      (linewidth 0.100000)
      (plotframeref false)
      (viasonmask false)
      (mode 1)
      (useauxorigin false)
      (hpglpennumber 1)
      (hpglpenspeed 20)
      (hpglpendiameter 15.000000)
      (psnegative false)
      (psa4output false)
      (plotreference true)
      (plotvalue true)
      (plotinvisibletext false)
      (padsonsilk false)
      (subtractmaskfromsilk false)
      (outputformat 1)
      (mirror false)
      (drillshape 0)
      (scaleselection 1)
      (outputdirectory ""))
  )

  (net 0 "")
  (net 1 "Net-(Q28-Pad3)")
  (net 2 "Net-(Q24-Pad2)")
  (net 3 "Net-(Q16-Pad2)")
  (net 4 "Net-(Q15-Pad3)")
  (net 5 "Net-(Q15-Pad2)")
  (net 6 IN_B1)
  (net 7 "Net-(Q14-Pad2)")
  (net 8 IN_A2)
  (net 9 "Net-(Q14-Pad3)")
  (net 10 "Net-(Q10-Pad2)")
  (net 11 "Net-(Q2-Pad2)")
  (net 12 "Net-(Q1-Pad3)")
  (net 13 "Net-(Q1-Pad2)")
  (net 14 IN_A1)
  (net 15 "Net-(Q28-Pad2)")
  (net 16 IN_B2)
  (net 17 OUT_A1)
  (net 18 GND)
  (net 19 +12V)
  (net 20 OUT_B2)
  (net 21 "Net-(Q15-Pad1)")
  (net 22 "Net-(Q1-Pad1)")
  (net 23 OUT_A2)
  (net 24 "Net-(Q11-Pad2)")
  (net 25 OUT_B1)
  (net 26 "Net-(Q22-Pad2)")

  (net_class Default "This is the default net class."
    (clearance 0.2)
    (trace_width 0.25)
    (via_dia 0.8)
    (via_drill 0.4)
    (uvia_dia 0.3)
    (uvia_drill 0.1)
    (add_net IN_A1)
    (add_net IN_A2)
    (add_net IN_B1)
    (add_net IN_B2)
    (add_net "Net-(Q1-Pad2)")
    (add_net "Net-(Q14-Pad2)")
    (add_net "Net-(Q15-Pad2)")
    (add_net "Net-(Q28-Pad2)")
  )

  (net_class Drive_current ""
    (clearance 0.5)
    (trace_width 1)
    (via_dia 1.5)
    (via_drill 1.25)
    (uvia_dia 1)
    (uvia_drill 0.75)
    (diff_pair_gap 1)
    (diff_pair_width 1)
    (add_net "Net-(Q1-Pad1)")
    (add_net "Net-(Q1-Pad3)")
    (add_net "Net-(Q10-Pad2)")
    (add_net "Net-(Q11-Pad2)")
    (add_net "Net-(Q14-Pad3)")
    (add_net "Net-(Q15-Pad1)")
    (add_net "Net-(Q15-Pad3)")
    (add_net "Net-(Q16-Pad2)")
    (add_net "Net-(Q2-Pad2)")
    (add_net "Net-(Q22-Pad2)")
    (add_net "Net-(Q24-Pad2)")
    (add_net "Net-(Q28-Pad3)")
  )

  (net_class Power ""
    (clearance 0.5)
    (trace_width 2)
    (via_dia 2.25)
    (via_drill 1.5)
    (uvia_dia 1)
    (uvia_drill 0.75)
    (diff_pair_gap 1)
    (diff_pair_width 1)
    (add_net +12V)
    (add_net GND)
    (add_net OUT_A1)
    (add_net OUT_A2)
    (add_net OUT_B1)
    (add_net OUT_B2)
  )

  (module Connector_PinHeader_2.54mm:PinHeader_1x02_P2.54mm_Vertical (layer F.Cu) (tedit 59FED5CC) (tstamp 5BF4E17E)
    (at 105.41 118.11 180)
    (descr "Through hole straight pin header, 1x02, 2.54mm pitch, single row")
    (tags "Through hole pin header THT 1x02 2.54mm single row")
    (path /5BF5868D)
    (fp_text reference J5 (at 0 -2.33 180) (layer F.SilkS)
      (effects (font (size 1 1) (thickness 0.15)))
    )
    (fp_text value Conn_01x02 (at 0 4.87 180) (layer F.Fab)
      (effects (font (size 1 1) (thickness 0.15)))
    )
    (fp_text user %R (at 0 1.27 270) (layer F.Fab)
      (effects (font (size 1 1) (thickness 0.15)))
    )
    (fp_line (start 1.8 -1.8) (end -1.8 -1.8) (layer F.CrtYd) (width 0.05))
    (fp_line (start 1.8 4.35) (end 1.8 -1.8) (layer F.CrtYd) (width 0.05))
    (fp_line (start -1.8 4.35) (end 1.8 4.35) (layer F.CrtYd) (width 0.05))
    (fp_line (start -1.8 -1.8) (end -1.8 4.35) (layer F.CrtYd) (width 0.05))
    (fp_line (start -1.33 -1.33) (end 0 -1.33) (layer F.SilkS) (width 0.12))
    (fp_line (start -1.33 0) (end -1.33 -1.33) (layer F.SilkS) (width 0.12))
    (fp_line (start -1.33 1.27) (end 1.33 1.27) (layer F.SilkS) (width 0.12))
    (fp_line (start 1.33 1.27) (end 1.33 3.87) (layer F.SilkS) (width 0.12))
    (fp_line (start -1.33 1.27) (end -1.33 3.87) (layer F.SilkS) (width 0.12))
    (fp_line (start -1.33 3.87) (end 1.33 3.87) (layer F.SilkS) (width 0.12))
    (fp_line (start -1.27 -0.635) (end -0.635 -1.27) (layer F.Fab) (width 0.1))
    (fp_line (start -1.27 3.81) (end -1.27 -0.635) (layer F.Fab) (width 0.1))
    (fp_line (start 1.27 3.81) (end -1.27 3.81) (layer F.Fab) (width 0.1))
    (fp_line (start 1.27 -1.27) (end 1.27 3.81) (layer F.Fab) (width 0.1))
    (fp_line (start -0.635 -1.27) (end 1.27 -1.27) (layer F.Fab) (width 0.1))
    (pad 2 thru_hole oval (at 0 2.54 180) (size 1.7 1.7) (drill 1) (layers *.Cu *.Mask)
      (net 23 OUT_A2))
    (pad 1 thru_hole rect (at 0 0 180) (size 1.7 1.7) (drill 1) (layers *.Cu *.Mask)
      (net 17 OUT_A1))
    (model ${KISYS3DMOD}/Connector_PinHeader_2.54mm.3dshapes/PinHeader_1x02_P2.54mm_Vertical.wrl
      (at (xyz 0 0 0))
      (scale (xyz 1 1 1))
      (rotate (xyz 0 0 0))
    )
  )

  (module Connector_PinHeader_2.54mm:PinHeader_1x02_P2.54mm_Vertical (layer F.Cu) (tedit 59FED5CC) (tstamp 5BF4E168)
    (at 144.78 118.11 180)
    (descr "Through hole straight pin header, 1x02, 2.54mm pitch, single row")
    (tags "Through hole pin header THT 1x02 2.54mm single row")
    (path /5BF58767)
    (fp_text reference J6 (at 0 -2.33 180) (layer F.SilkS)
      (effects (font (size 1 1) (thickness 0.15)))
    )
    (fp_text value Conn_01x02 (at 0 4.87 180) (layer F.Fab)
      (effects (font (size 1 1) (thickness 0.15)))
    )
    (fp_line (start -0.635 -1.27) (end 1.27 -1.27) (layer F.Fab) (width 0.1))
    (fp_line (start 1.27 -1.27) (end 1.27 3.81) (layer F.Fab) (width 0.1))
    (fp_line (start 1.27 3.81) (end -1.27 3.81) (layer F.Fab) (width 0.1))
    (fp_line (start -1.27 3.81) (end -1.27 -0.635) (layer F.Fab) (width 0.1))
    (fp_line (start -1.27 -0.635) (end -0.635 -1.27) (layer F.Fab) (width 0.1))
    (fp_line (start -1.33 3.87) (end 1.33 3.87) (layer F.SilkS) (width 0.12))
    (fp_line (start -1.33 1.27) (end -1.33 3.87) (layer F.SilkS) (width 0.12))
    (fp_line (start 1.33 1.27) (end 1.33 3.87) (layer F.SilkS) (width 0.12))
    (fp_line (start -1.33 1.27) (end 1.33 1.27) (layer F.SilkS) (width 0.12))
    (fp_line (start -1.33 0) (end -1.33 -1.33) (layer F.SilkS) (width 0.12))
    (fp_line (start -1.33 -1.33) (end 0 -1.33) (layer F.SilkS) (width 0.12))
    (fp_line (start -1.8 -1.8) (end -1.8 4.35) (layer F.CrtYd) (width 0.05))
    (fp_line (start -1.8 4.35) (end 1.8 4.35) (layer F.CrtYd) (width 0.05))
    (fp_line (start 1.8 4.35) (end 1.8 -1.8) (layer F.CrtYd) (width 0.05))
    (fp_line (start 1.8 -1.8) (end -1.8 -1.8) (layer F.CrtYd) (width 0.05))
    (fp_text user %R (at 0 1.27 270) (layer F.Fab)
      (effects (font (size 1 1) (thickness 0.15)))
    )
    (pad 1 thru_hole rect (at 0 0 180) (size 1.7 1.7) (drill 1) (layers *.Cu *.Mask)
      (net 25 OUT_B1))
    (pad 2 thru_hole oval (at 0 2.54 180) (size 1.7 1.7) (drill 1) (layers *.Cu *.Mask)
      (net 20 OUT_B2))
    (model ${KISYS3DMOD}/Connector_PinHeader_2.54mm.3dshapes/PinHeader_1x02_P2.54mm_Vertical.wrl
      (at (xyz 0 0 0))
      (scale (xyz 1 1 1))
      (rotate (xyz 0 0 0))
    )
  )

  (module Connector_PinHeader_2.54mm:PinHeader_1x06_P2.54mm_Vertical (layer F.Cu) (tedit 59FED5CC) (tstamp 5BF4E152)
    (at 118.11 80.01 90)
    (descr "Through hole straight pin header, 1x06, 2.54mm pitch, single row")
    (tags "Through hole pin header THT 1x06 2.54mm single row")
    (path /5BEEE258)
    (fp_text reference J4 (at 0 -2.33 90) (layer F.SilkS)
      (effects (font (size 1 1) (thickness 0.15)))
    )
    (fp_text value Conn_01x06 (at 0 15.03 90) (layer F.Fab)
      (effects (font (size 1 1) (thickness 0.15)))
    )
    (fp_line (start -0.635 -1.27) (end 1.27 -1.27) (layer F.Fab) (width 0.1))
    (fp_line (start 1.27 -1.27) (end 1.27 13.97) (layer F.Fab) (width 0.1))
    (fp_line (start 1.27 13.97) (end -1.27 13.97) (layer F.Fab) (width 0.1))
    (fp_line (start -1.27 13.97) (end -1.27 -0.635) (layer F.Fab) (width 0.1))
    (fp_line (start -1.27 -0.635) (end -0.635 -1.27) (layer F.Fab) (width 0.1))
    (fp_line (start -1.33 14.03) (end 1.33 14.03) (layer F.SilkS) (width 0.12))
    (fp_line (start -1.33 1.27) (end -1.33 14.03) (layer F.SilkS) (width 0.12))
    (fp_line (start 1.33 1.27) (end 1.33 14.03) (layer F.SilkS) (width 0.12))
    (fp_line (start -1.33 1.27) (end 1.33 1.27) (layer F.SilkS) (width 0.12))
    (fp_line (start -1.33 0) (end -1.33 -1.33) (layer F.SilkS) (width 0.12))
    (fp_line (start -1.33 -1.33) (end 0 -1.33) (layer F.SilkS) (width 0.12))
    (fp_line (start -1.8 -1.8) (end -1.8 14.5) (layer F.CrtYd) (width 0.05))
    (fp_line (start -1.8 14.5) (end 1.8 14.5) (layer F.CrtYd) (width 0.05))
    (fp_line (start 1.8 14.5) (end 1.8 -1.8) (layer F.CrtYd) (width 0.05))
    (fp_line (start 1.8 -1.8) (end -1.8 -1.8) (layer F.CrtYd) (width 0.05))
    (fp_text user %R (at 0 6.35 180) (layer F.Fab)
      (effects (font (size 1 1) (thickness 0.15)))
    )
    (pad 1 thru_hole rect (at 0 0 90) (size 1.7 1.7) (drill 1) (layers *.Cu *.Mask)
      (net 19 +12V))
    (pad 2 thru_hole oval (at 0 2.54 90) (size 1.7 1.7) (drill 1) (layers *.Cu *.Mask)
      (net 18 GND))
    (pad 3 thru_hole oval (at 0 5.08 90) (size 1.7 1.7) (drill 1) (layers *.Cu *.Mask)
      (net 14 IN_A1))
    (pad 4 thru_hole oval (at 0 7.62 90) (size 1.7 1.7) (drill 1) (layers *.Cu *.Mask)
      (net 8 IN_A2))
    (pad 5 thru_hole oval (at 0 10.16 90) (size 1.7 1.7) (drill 1) (layers *.Cu *.Mask)
      (net 6 IN_B1))
    (pad 6 thru_hole oval (at 0 12.7 90) (size 1.7 1.7) (drill 1) (layers *.Cu *.Mask)
      (net 16 IN_B2))
    (model ${KISYS3DMOD}/Connector_PinHeader_2.54mm.3dshapes/PinHeader_1x06_P2.54mm_Vertical.wrl
      (at (xyz 0 0 0))
      (scale (xyz 1 1 1))
      (rotate (xyz 0 0 0))
    )
  )

  (module Resistor_THT:R_Axial_DIN0207_L6.3mm_D2.5mm_P5.08mm_Vertical (layer F.Cu) (tedit 5AE5139B) (tstamp 5BF46D92)
    (at 123.19 91.44 90)
    (descr "Resistor, Axial_DIN0207 series, Axial, Vertical, pin pitch=5.08mm, 0.25W = 1/4W, length*diameter=6.3*2.5mm^2, http://cdn-reichelt.de/documents/datenblatt/B400/1_4W%23YAG.pdf")
    (tags "Resistor Axial_DIN0207 series Axial Vertical pin pitch 5.08mm 0.25W = 1/4W length 6.3mm diameter 2.5mm")
    (path /5BE753AB)
    (fp_text reference R1 (at 2.54 -2.37 90) (layer F.SilkS)
      (effects (font (size 1 1) (thickness 0.15)))
    )
    (fp_text value 2k2 (at 2.54 2.37 90) (layer F.Fab)
      (effects (font (size 1 1) (thickness 0.15)))
    )
    (fp_text user %R (at 2.54 -2.37 90) (layer F.Fab)
      (effects (font (size 1 1) (thickness 0.15)))
    )
    (fp_line (start 6.13 -1.5) (end -1.5 -1.5) (layer F.CrtYd) (width 0.05))
    (fp_line (start 6.13 1.5) (end 6.13 -1.5) (layer F.CrtYd) (width 0.05))
    (fp_line (start -1.5 1.5) (end 6.13 1.5) (layer F.CrtYd) (width 0.05))
    (fp_line (start -1.5 -1.5) (end -1.5 1.5) (layer F.CrtYd) (width 0.05))
    (fp_line (start 1.37 0) (end 3.98 0) (layer F.SilkS) (width 0.12))
    (fp_line (start 0 0) (end 5.08 0) (layer F.Fab) (width 0.1))
    (fp_circle (center 0 0) (end 1.37 0) (layer F.SilkS) (width 0.12))
    (fp_circle (center 0 0) (end 1.25 0) (layer F.Fab) (width 0.1))
    (pad 2 thru_hole oval (at 5.08 0 90) (size 1.6 1.6) (drill 0.8) (layers *.Cu *.Mask)
      (net 14 IN_A1))
    (pad 1 thru_hole circle (at 0 0 90) (size 1.6 1.6) (drill 0.8) (layers *.Cu *.Mask)
      (net 13 "Net-(Q1-Pad2)"))
    (model ${KISYS3DMOD}/Resistor_THT.3dshapes/R_Axial_DIN0207_L6.3mm_D2.5mm_P5.08mm_Vertical.wrl
      (at (xyz 0 0 0))
      (scale (xyz 1 1 1))
      (rotate (xyz 0 0 0))
    )
  )

  (module Resistor_THT:R_Axial_DIN0207_L6.3mm_D2.5mm_P5.08mm_Vertical (layer F.Cu) (tedit 5AE5139B) (tstamp 5BF46D84)
    (at 123.19 100.33 270)
    (descr "Resistor, Axial_DIN0207 series, Axial, Vertical, pin pitch=5.08mm, 0.25W = 1/4W, length*diameter=6.3*2.5mm^2, http://cdn-reichelt.de/documents/datenblatt/B400/1_4W%23YAG.pdf")
    (tags "Resistor Axial_DIN0207 series Axial Vertical pin pitch 5.08mm 0.25W = 1/4W length 6.3mm diameter 2.5mm")
    (path /5BE75442)
    (fp_text reference R4 (at 2.54 -2.37 270) (layer F.SilkS)
      (effects (font (size 1 1) (thickness 0.15)))
    )
    (fp_text value 2k2 (at 2.54 2.37 270) (layer F.Fab)
      (effects (font (size 1 1) (thickness 0.15)))
    )
    (fp_circle (center 0 0) (end 1.25 0) (layer F.Fab) (width 0.1))
    (fp_circle (center 0 0) (end 1.37 0) (layer F.SilkS) (width 0.12))
    (fp_line (start 0 0) (end 5.08 0) (layer F.Fab) (width 0.1))
    (fp_line (start 1.37 0) (end 3.98 0) (layer F.SilkS) (width 0.12))
    (fp_line (start -1.5 -1.5) (end -1.5 1.5) (layer F.CrtYd) (width 0.05))
    (fp_line (start -1.5 1.5) (end 6.13 1.5) (layer F.CrtYd) (width 0.05))
    (fp_line (start 6.13 1.5) (end 6.13 -1.5) (layer F.CrtYd) (width 0.05))
    (fp_line (start 6.13 -1.5) (end -1.5 -1.5) (layer F.CrtYd) (width 0.05))
    (fp_text user %R (at 2.54 -2.37 270) (layer F.Fab)
      (effects (font (size 1 1) (thickness 0.15)))
    )
    (pad 1 thru_hole circle (at 0 0 270) (size 1.6 1.6) (drill 0.8) (layers *.Cu *.Mask)
      (net 8 IN_A2))
    (pad 2 thru_hole oval (at 5.08 0 270) (size 1.6 1.6) (drill 0.8) (layers *.Cu *.Mask)
      (net 7 "Net-(Q14-Pad2)"))
    (model ${KISYS3DMOD}/Resistor_THT.3dshapes/R_Axial_DIN0207_L6.3mm_D2.5mm_P5.08mm_Vertical.wrl
      (at (xyz 0 0 0))
      (scale (xyz 1 1 1))
      (rotate (xyz 0 0 0))
    )
  )

  (module Resistor_THT:R_Axial_DIN0207_L6.3mm_D2.5mm_P5.08mm_Vertical (layer F.Cu) (tedit 5AE5139B) (tstamp 5BF46D76)
    (at 127 105.41 90)
    (descr "Resistor, Axial_DIN0207 series, Axial, Vertical, pin pitch=5.08mm, 0.25W = 1/4W, length*diameter=6.3*2.5mm^2, http://cdn-reichelt.de/documents/datenblatt/B400/1_4W%23YAG.pdf")
    (tags "Resistor Axial_DIN0207 series Axial Vertical pin pitch 5.08mm 0.25W = 1/4W length 6.3mm diameter 2.5mm")
    (path /5BE9C432)
    (fp_text reference R5 (at 2.54 -2.37 90) (layer F.SilkS)
      (effects (font (size 1 1) (thickness 0.15)))
    )
    (fp_text value 2k2 (at 2.54 2.37 90) (layer F.Fab)
      (effects (font (size 1 1) (thickness 0.15)))
    )
    (fp_text user %R (at 2.54 -2.37 90) (layer F.Fab)
      (effects (font (size 1 1) (thickness 0.15)))
    )
    (fp_line (start 6.13 -1.5) (end -1.5 -1.5) (layer F.CrtYd) (width 0.05))
    (fp_line (start 6.13 1.5) (end 6.13 -1.5) (layer F.CrtYd) (width 0.05))
    (fp_line (start -1.5 1.5) (end 6.13 1.5) (layer F.CrtYd) (width 0.05))
    (fp_line (start -1.5 -1.5) (end -1.5 1.5) (layer F.CrtYd) (width 0.05))
    (fp_line (start 1.37 0) (end 3.98 0) (layer F.SilkS) (width 0.12))
    (fp_line (start 0 0) (end 5.08 0) (layer F.Fab) (width 0.1))
    (fp_circle (center 0 0) (end 1.37 0) (layer F.SilkS) (width 0.12))
    (fp_circle (center 0 0) (end 1.25 0) (layer F.Fab) (width 0.1))
    (pad 2 thru_hole oval (at 5.08 0 90) (size 1.6 1.6) (drill 0.8) (layers *.Cu *.Mask)
      (net 6 IN_B1))
    (pad 1 thru_hole circle (at 0 0 90) (size 1.6 1.6) (drill 0.8) (layers *.Cu *.Mask)
      (net 5 "Net-(Q15-Pad2)"))
    (model ${KISYS3DMOD}/Resistor_THT.3dshapes/R_Axial_DIN0207_L6.3mm_D2.5mm_P5.08mm_Vertical.wrl
      (at (xyz 0 0 0))
      (scale (xyz 1 1 1))
      (rotate (xyz 0 0 0))
    )
  )

  (module Resistor_THT:R_Axial_DIN0207_L6.3mm_D2.5mm_P5.08mm_Vertical (layer F.Cu) (tedit 5AE5139B) (tstamp 5BF46D68)
    (at 127 86.36 270)
    (descr "Resistor, Axial_DIN0207 series, Axial, Vertical, pin pitch=5.08mm, 0.25W = 1/4W, length*diameter=6.3*2.5mm^2, http://cdn-reichelt.de/documents/datenblatt/B400/1_4W%23YAG.pdf")
    (tags "Resistor Axial_DIN0207 series Axial Vertical pin pitch 5.08mm 0.25W = 1/4W length 6.3mm diameter 2.5mm")
    (path /5BE9C439)
    (fp_text reference R8 (at 2.54 -2.37 270) (layer F.SilkS)
      (effects (font (size 1 1) (thickness 0.15)))
    )
    (fp_text value 2k2 (at 2.54 2.37 270) (layer F.Fab)
      (effects (font (size 1 1) (thickness 0.15)))
    )
    (fp_circle (center 0 0) (end 1.25 0) (layer F.Fab) (width 0.1))
    (fp_circle (center 0 0) (end 1.37 0) (layer F.SilkS) (width 0.12))
    (fp_line (start 0 0) (end 5.08 0) (layer F.Fab) (width 0.1))
    (fp_line (start 1.37 0) (end 3.98 0) (layer F.SilkS) (width 0.12))
    (fp_line (start -1.5 -1.5) (end -1.5 1.5) (layer F.CrtYd) (width 0.05))
    (fp_line (start -1.5 1.5) (end 6.13 1.5) (layer F.CrtYd) (width 0.05))
    (fp_line (start 6.13 1.5) (end 6.13 -1.5) (layer F.CrtYd) (width 0.05))
    (fp_line (start 6.13 -1.5) (end -1.5 -1.5) (layer F.CrtYd) (width 0.05))
    (fp_text user %R (at 2.54 -2.37 270) (layer F.Fab)
      (effects (font (size 1 1) (thickness 0.15)))
    )
    (pad 1 thru_hole circle (at 0 0 270) (size 1.6 1.6) (drill 0.8) (layers *.Cu *.Mask)
      (net 16 IN_B2))
    (pad 2 thru_hole oval (at 5.08 0 270) (size 1.6 1.6) (drill 0.8) (layers *.Cu *.Mask)
      (net 15 "Net-(Q28-Pad2)"))
    (model ${KISYS3DMOD}/Resistor_THT.3dshapes/R_Axial_DIN0207_L6.3mm_D2.5mm_P5.08mm_Vertical.wrl
      (at (xyz 0 0 0))
      (scale (xyz 1 1 1))
      (rotate (xyz 0 0 0))
    )
  )

  (module Package_TO_SOT_THT:TO-92_Inline_Wide (layer F.Cu) (tedit 5A02FF81) (tstamp 5BF3E74D)
    (at 139.7 95.25)
    (descr "TO-92 leads in-line, wide, drill 0.75mm (see NXP sot054_po.pdf)")
    (tags "to-92 sc-43 sc-43a sot54 PA33 transistor")
    (path /5BE9C488)
    (fp_text reference Q20 (at 2.54 -3.56) (layer F.SilkS)
      (effects (font (size 1 1) (thickness 0.15)))
    )
    (fp_text value SS8550 (at 2.54 2.79) (layer F.Fab)
      (effects (font (size 1 1) (thickness 0.15)))
    )
    (fp_arc (start 2.54 0) (end 4.34 1.85) (angle -20) (layer F.SilkS) (width 0.12))
    (fp_arc (start 2.54 0) (end 2.54 -2.48) (angle -135) (layer F.Fab) (width 0.1))
    (fp_arc (start 2.54 0) (end 2.54 -2.48) (angle 135) (layer F.Fab) (width 0.1))
    (fp_arc (start 2.54 0) (end 2.54 -2.6) (angle 65) (layer F.SilkS) (width 0.12))
    (fp_arc (start 2.54 0) (end 2.54 -2.6) (angle -65) (layer F.SilkS) (width 0.12))
    (fp_arc (start 2.54 0) (end 0.74 1.85) (angle 20) (layer F.SilkS) (width 0.12))
    (fp_line (start 6.09 2.01) (end -1.01 2.01) (layer F.CrtYd) (width 0.05))
    (fp_line (start 6.09 2.01) (end 6.09 -2.73) (layer F.CrtYd) (width 0.05))
    (fp_line (start -1.01 -2.73) (end -1.01 2.01) (layer F.CrtYd) (width 0.05))
    (fp_line (start -1.01 -2.73) (end 6.09 -2.73) (layer F.CrtYd) (width 0.05))
    (fp_line (start 0.8 1.75) (end 4.3 1.75) (layer F.Fab) (width 0.1))
    (fp_line (start 0.74 1.85) (end 4.34 1.85) (layer F.SilkS) (width 0.12))
    (fp_text user %R (at 2.54 -3.56) (layer F.Fab)
      (effects (font (size 1 1) (thickness 0.15)))
    )
    (pad 1 thru_hole rect (at 0 0 90) (size 1.5 1.5) (drill 0.8) (layers *.Cu *.Mask)
      (net 19 +12V))
    (pad 3 thru_hole circle (at 5.08 0 90) (size 1.5 1.5) (drill 0.8) (layers *.Cu *.Mask)
      (net 20 OUT_B2))
    (pad 2 thru_hole circle (at 2.54 0 90) (size 1.5 1.5) (drill 0.8) (layers *.Cu *.Mask)
      (net 21 "Net-(Q15-Pad1)"))
    (model ${KISYS3DMOD}/Package_TO_SOT_THT.3dshapes/TO-92_Inline_Wide.wrl
      (at (xyz 0 0 0))
      (scale (xyz 1 1 1))
      (rotate (xyz 0 0 0))
    )
  )

  (module Package_TO_SOT_THT:TO-92_Inline_Wide (layer F.Cu) (tedit 5A02FF81) (tstamp 5BF3E739)
    (at 138.43 147.32)
    (descr "TO-92 leads in-line, wide, drill 0.75mm (see NXP sot054_po.pdf)")
    (tags "to-92 sc-43 sc-43a sot54 PA33 transistor")
    (path /5BE9C45C)
    (fp_text reference Q19 (at 2.54 -3.56) (layer F.SilkS)
      (effects (font (size 1 1) (thickness 0.15)))
    )
    (fp_text value SS8050DTA (at 2.54 2.79) (layer F.Fab)
      (effects (font (size 1 1) (thickness 0.15)))
    )
    (fp_text user %R (at 2.54 -3.56) (layer F.Fab)
      (effects (font (size 1 1) (thickness 0.15)))
    )
    (fp_line (start 0.74 1.85) (end 4.34 1.85) (layer F.SilkS) (width 0.12))
    (fp_line (start 0.8 1.75) (end 4.3 1.75) (layer F.Fab) (width 0.1))
    (fp_line (start -1.01 -2.73) (end 6.09 -2.73) (layer F.CrtYd) (width 0.05))
    (fp_line (start -1.01 -2.73) (end -1.01 2.01) (layer F.CrtYd) (width 0.05))
    (fp_line (start 6.09 2.01) (end 6.09 -2.73) (layer F.CrtYd) (width 0.05))
    (fp_line (start 6.09 2.01) (end -1.01 2.01) (layer F.CrtYd) (width 0.05))
    (fp_arc (start 2.54 0) (end 0.74 1.85) (angle 20) (layer F.SilkS) (width 0.12))
    (fp_arc (start 2.54 0) (end 2.54 -2.6) (angle -65) (layer F.SilkS) (width 0.12))
    (fp_arc (start 2.54 0) (end 2.54 -2.6) (angle 65) (layer F.SilkS) (width 0.12))
    (fp_arc (start 2.54 0) (end 2.54 -2.48) (angle 135) (layer F.Fab) (width 0.1))
    (fp_arc (start 2.54 0) (end 2.54 -2.48) (angle -135) (layer F.Fab) (width 0.1))
    (fp_arc (start 2.54 0) (end 4.34 1.85) (angle -20) (layer F.SilkS) (width 0.12))
    (pad 2 thru_hole circle (at 2.54 0 90) (size 1.5 1.5) (drill 0.8) (layers *.Cu *.Mask)
      (net 3 "Net-(Q16-Pad2)"))
    (pad 3 thru_hole circle (at 5.08 0 90) (size 1.5 1.5) (drill 0.8) (layers *.Cu *.Mask)
      (net 25 OUT_B1))
    (pad 1 thru_hole rect (at 0 0 90) (size 1.5 1.5) (drill 0.8) (layers *.Cu *.Mask)
      (net 18 GND))
    (model ${KISYS3DMOD}/Package_TO_SOT_THT.3dshapes/TO-92_Inline_Wide.wrl
      (at (xyz 0 0 0))
      (scale (xyz 1 1 1))
      (rotate (xyz 0 0 0))
    )
  )

  (module Package_TO_SOT_THT:TO-92_Inline_Wide (layer F.Cu) (tedit 5A02FF81) (tstamp 5BF3E725)
    (at 139.7 87.63)
    (descr "TO-92 leads in-line, wide, drill 0.75mm (see NXP sot054_po.pdf)")
    (tags "to-92 sc-43 sc-43a sot54 PA33 transistor")
    (path /5BE9C481)
    (fp_text reference Q21 (at 2.54 -3.56) (layer F.SilkS)
      (effects (font (size 1 1) (thickness 0.15)))
    )
    (fp_text value SS8550 (at 2.54 2.79) (layer F.Fab)
      (effects (font (size 1 1) (thickness 0.15)))
    )
    (fp_arc (start 2.54 0) (end 4.34 1.85) (angle -20) (layer F.SilkS) (width 0.12))
    (fp_arc (start 2.54 0) (end 2.54 -2.48) (angle -135) (layer F.Fab) (width 0.1))
    (fp_arc (start 2.54 0) (end 2.54 -2.48) (angle 135) (layer F.Fab) (width 0.1))
    (fp_arc (start 2.54 0) (end 2.54 -2.6) (angle 65) (layer F.SilkS) (width 0.12))
    (fp_arc (start 2.54 0) (end 2.54 -2.6) (angle -65) (layer F.SilkS) (width 0.12))
    (fp_arc (start 2.54 0) (end 0.74 1.85) (angle 20) (layer F.SilkS) (width 0.12))
    (fp_line (start 6.09 2.01) (end -1.01 2.01) (layer F.CrtYd) (width 0.05))
    (fp_line (start 6.09 2.01) (end 6.09 -2.73) (layer F.CrtYd) (width 0.05))
    (fp_line (start -1.01 -2.73) (end -1.01 2.01) (layer F.CrtYd) (width 0.05))
    (fp_line (start -1.01 -2.73) (end 6.09 -2.73) (layer F.CrtYd) (width 0.05))
    (fp_line (start 0.8 1.75) (end 4.3 1.75) (layer F.Fab) (width 0.1))
    (fp_line (start 0.74 1.85) (end 4.34 1.85) (layer F.SilkS) (width 0.12))
    (fp_text user %R (at 2.54 -3.56) (layer F.Fab)
      (effects (font (size 1 1) (thickness 0.15)))
    )
    (pad 1 thru_hole rect (at 0 0 90) (size 1.5 1.5) (drill 0.8) (layers *.Cu *.Mask)
      (net 19 +12V))
    (pad 3 thru_hole circle (at 5.08 0 90) (size 1.5 1.5) (drill 0.8) (layers *.Cu *.Mask)
      (net 20 OUT_B2))
    (pad 2 thru_hole circle (at 2.54 0 90) (size 1.5 1.5) (drill 0.8) (layers *.Cu *.Mask)
      (net 21 "Net-(Q15-Pad1)"))
    (model ${KISYS3DMOD}/Package_TO_SOT_THT.3dshapes/TO-92_Inline_Wide.wrl
      (at (xyz 0 0 0))
      (scale (xyz 1 1 1))
      (rotate (xyz 0 0 0))
    )
  )

  (module Package_TO_SOT_THT:TO-92_Inline_Wide (layer F.Cu) (tedit 5A02FF81) (tstamp 5BF3E711)
    (at 135.89 87.63 180)
    (descr "TO-92 leads in-line, wide, drill 0.75mm (see NXP sot054_po.pdf)")
    (tags "to-92 sc-43 sc-43a sot54 PA33 transistor")
    (path /5BE9C4B5)
    (fp_text reference Q22 (at 2.54 -3.56 180) (layer F.SilkS)
      (effects (font (size 1 1) (thickness 0.15)))
    )
    (fp_text value SS8550 (at 2.54 2.79 180) (layer F.Fab)
      (effects (font (size 1 1) (thickness 0.15)))
    )
    (fp_text user %R (at 2.54 -3.56 180) (layer F.Fab)
      (effects (font (size 1 1) (thickness 0.15)))
    )
    (fp_line (start 0.74 1.85) (end 4.34 1.85) (layer F.SilkS) (width 0.12))
    (fp_line (start 0.8 1.75) (end 4.3 1.75) (layer F.Fab) (width 0.1))
    (fp_line (start -1.01 -2.73) (end 6.09 -2.73) (layer F.CrtYd) (width 0.05))
    (fp_line (start -1.01 -2.73) (end -1.01 2.01) (layer F.CrtYd) (width 0.05))
    (fp_line (start 6.09 2.01) (end 6.09 -2.73) (layer F.CrtYd) (width 0.05))
    (fp_line (start 6.09 2.01) (end -1.01 2.01) (layer F.CrtYd) (width 0.05))
    (fp_arc (start 2.54 0) (end 0.74 1.85) (angle 20) (layer F.SilkS) (width 0.12))
    (fp_arc (start 2.54 0) (end 2.54 -2.6) (angle -65) (layer F.SilkS) (width 0.12))
    (fp_arc (start 2.54 0) (end 2.54 -2.6) (angle 65) (layer F.SilkS) (width 0.12))
    (fp_arc (start 2.54 0) (end 2.54 -2.48) (angle 135) (layer F.Fab) (width 0.1))
    (fp_arc (start 2.54 0) (end 2.54 -2.48) (angle -135) (layer F.Fab) (width 0.1))
    (fp_arc (start 2.54 0) (end 4.34 1.85) (angle -20) (layer F.SilkS) (width 0.12))
    (pad 2 thru_hole circle (at 2.54 0 270) (size 1.5 1.5) (drill 0.8) (layers *.Cu *.Mask)
      (net 26 "Net-(Q22-Pad2)"))
    (pad 3 thru_hole circle (at 5.08 0 270) (size 1.5 1.5) (drill 0.8) (layers *.Cu *.Mask)
      (net 25 OUT_B1))
    (pad 1 thru_hole rect (at 0 0 270) (size 1.5 1.5) (drill 0.8) (layers *.Cu *.Mask)
      (net 19 +12V))
    (model ${KISYS3DMOD}/Package_TO_SOT_THT.3dshapes/TO-92_Inline_Wide.wrl
      (at (xyz 0 0 0))
      (scale (xyz 1 1 1))
      (rotate (xyz 0 0 0))
    )
  )

  (module Package_TO_SOT_THT:TO-92_Inline_Wide (layer F.Cu) (tedit 5A02FF81) (tstamp 5BF3E6FD)
    (at 135.89 95.25 180)
    (descr "TO-92 leads in-line, wide, drill 0.75mm (see NXP sot054_po.pdf)")
    (tags "to-92 sc-43 sc-43a sot54 PA33 transistor")
    (path /5BE9C4BD)
    (fp_text reference Q23 (at 2.54 -3.56 180) (layer F.SilkS)
      (effects (font (size 1 1) (thickness 0.15)))
    )
    (fp_text value SS8550 (at 2.54 2.79 180) (layer F.Fab)
      (effects (font (size 1 1) (thickness 0.15)))
    )
    (fp_arc (start 2.54 0) (end 4.34 1.85) (angle -20) (layer F.SilkS) (width 0.12))
    (fp_arc (start 2.54 0) (end 2.54 -2.48) (angle -135) (layer F.Fab) (width 0.1))
    (fp_arc (start 2.54 0) (end 2.54 -2.48) (angle 135) (layer F.Fab) (width 0.1))
    (fp_arc (start 2.54 0) (end 2.54 -2.6) (angle 65) (layer F.SilkS) (width 0.12))
    (fp_arc (start 2.54 0) (end 2.54 -2.6) (angle -65) (layer F.SilkS) (width 0.12))
    (fp_arc (start 2.54 0) (end 0.74 1.85) (angle 20) (layer F.SilkS) (width 0.12))
    (fp_line (start 6.09 2.01) (end -1.01 2.01) (layer F.CrtYd) (width 0.05))
    (fp_line (start 6.09 2.01) (end 6.09 -2.73) (layer F.CrtYd) (width 0.05))
    (fp_line (start -1.01 -2.73) (end -1.01 2.01) (layer F.CrtYd) (width 0.05))
    (fp_line (start -1.01 -2.73) (end 6.09 -2.73) (layer F.CrtYd) (width 0.05))
    (fp_line (start 0.8 1.75) (end 4.3 1.75) (layer F.Fab) (width 0.1))
    (fp_line (start 0.74 1.85) (end 4.34 1.85) (layer F.SilkS) (width 0.12))
    (fp_text user %R (at 2.54 -3.56 180) (layer F.Fab)
      (effects (font (size 1 1) (thickness 0.15)))
    )
    (pad 1 thru_hole rect (at 0 0 270) (size 1.5 1.5) (drill 0.8) (layers *.Cu *.Mask)
      (net 19 +12V))
    (pad 3 thru_hole circle (at 5.08 0 270) (size 1.5 1.5) (drill 0.8) (layers *.Cu *.Mask)
      (net 25 OUT_B1))
    (pad 2 thru_hole circle (at 2.54 0 270) (size 1.5 1.5) (drill 0.8) (layers *.Cu *.Mask)
      (net 26 "Net-(Q22-Pad2)"))
    (model ${KISYS3DMOD}/Package_TO_SOT_THT.3dshapes/TO-92_Inline_Wide.wrl
      (at (xyz 0 0 0))
      (scale (xyz 1 1 1))
      (rotate (xyz 0 0 0))
    )
  )

  (module Package_TO_SOT_THT:TO-92_Inline_Wide (layer F.Cu) (tedit 5A02FF81) (tstamp 5BF3E6E9)
    (at 134.62 147.32 180)
    (descr "TO-92 leads in-line, wide, drill 0.75mm (see NXP sot054_po.pdf)")
    (tags "to-92 sc-43 sc-43a sot54 PA33 transistor")
    (path /5BE9C4EE)
    (fp_text reference Q24 (at 2.54 -3.56 180) (layer F.SilkS)
      (effects (font (size 1 1) (thickness 0.15)))
    )
    (fp_text value SS8050DTA (at 2.54 2.79 180) (layer F.Fab)
      (effects (font (size 1 1) (thickness 0.15)))
    )
    (fp_text user %R (at 2.54 -3.56 180) (layer F.Fab)
      (effects (font (size 1 1) (thickness 0.15)))
    )
    (fp_line (start 0.74 1.85) (end 4.34 1.85) (layer F.SilkS) (width 0.12))
    (fp_line (start 0.8 1.75) (end 4.3 1.75) (layer F.Fab) (width 0.1))
    (fp_line (start -1.01 -2.73) (end 6.09 -2.73) (layer F.CrtYd) (width 0.05))
    (fp_line (start -1.01 -2.73) (end -1.01 2.01) (layer F.CrtYd) (width 0.05))
    (fp_line (start 6.09 2.01) (end 6.09 -2.73) (layer F.CrtYd) (width 0.05))
    (fp_line (start 6.09 2.01) (end -1.01 2.01) (layer F.CrtYd) (width 0.05))
    (fp_arc (start 2.54 0) (end 0.74 1.85) (angle 20) (layer F.SilkS) (width 0.12))
    (fp_arc (start 2.54 0) (end 2.54 -2.6) (angle -65) (layer F.SilkS) (width 0.12))
    (fp_arc (start 2.54 0) (end 2.54 -2.6) (angle 65) (layer F.SilkS) (width 0.12))
    (fp_arc (start 2.54 0) (end 2.54 -2.48) (angle 135) (layer F.Fab) (width 0.1))
    (fp_arc (start 2.54 0) (end 2.54 -2.48) (angle -135) (layer F.Fab) (width 0.1))
    (fp_arc (start 2.54 0) (end 4.34 1.85) (angle -20) (layer F.SilkS) (width 0.12))
    (pad 2 thru_hole circle (at 2.54 0 270) (size 1.5 1.5) (drill 0.8) (layers *.Cu *.Mask)
      (net 2 "Net-(Q24-Pad2)"))
    (pad 3 thru_hole circle (at 5.08 0 270) (size 1.5 1.5) (drill 0.8) (layers *.Cu *.Mask)
      (net 20 OUT_B2))
    (pad 1 thru_hole rect (at 0 0 270) (size 1.5 1.5) (drill 0.8) (layers *.Cu *.Mask)
      (net 18 GND))
    (model ${KISYS3DMOD}/Package_TO_SOT_THT.3dshapes/TO-92_Inline_Wide.wrl
      (at (xyz 0 0 0))
      (scale (xyz 1 1 1))
      (rotate (xyz 0 0 0))
    )
  )

  (module Package_TO_SOT_THT:TO-92_Inline_Wide (layer F.Cu) (tedit 5A02FF81) (tstamp 5BF3E6D5)
    (at 135.89 102.87 180)
    (descr "TO-92 leads in-line, wide, drill 0.75mm (see NXP sot054_po.pdf)")
    (tags "to-92 sc-43 sc-43a sot54 PA33 transistor")
    (path /5BE9C4C4)
    (fp_text reference Q25 (at 2.54 -3.56 180) (layer F.SilkS)
      (effects (font (size 1 1) (thickness 0.15)))
    )
    (fp_text value SS8550 (at 2.54 2.79 180) (layer F.Fab)
      (effects (font (size 1 1) (thickness 0.15)))
    )
    (fp_arc (start 2.54 0) (end 4.34 1.85) (angle -20) (layer F.SilkS) (width 0.12))
    (fp_arc (start 2.54 0) (end 2.54 -2.48) (angle -135) (layer F.Fab) (width 0.1))
    (fp_arc (start 2.54 0) (end 2.54 -2.48) (angle 135) (layer F.Fab) (width 0.1))
    (fp_arc (start 2.54 0) (end 2.54 -2.6) (angle 65) (layer F.SilkS) (width 0.12))
    (fp_arc (start 2.54 0) (end 2.54 -2.6) (angle -65) (layer F.SilkS) (width 0.12))
    (fp_arc (start 2.54 0) (end 0.74 1.85) (angle 20) (layer F.SilkS) (width 0.12))
    (fp_line (start 6.09 2.01) (end -1.01 2.01) (layer F.CrtYd) (width 0.05))
    (fp_line (start 6.09 2.01) (end 6.09 -2.73) (layer F.CrtYd) (width 0.05))
    (fp_line (start -1.01 -2.73) (end -1.01 2.01) (layer F.CrtYd) (width 0.05))
    (fp_line (start -1.01 -2.73) (end 6.09 -2.73) (layer F.CrtYd) (width 0.05))
    (fp_line (start 0.8 1.75) (end 4.3 1.75) (layer F.Fab) (width 0.1))
    (fp_line (start 0.74 1.85) (end 4.34 1.85) (layer F.SilkS) (width 0.12))
    (fp_text user %R (at 2.54 -3.56 180) (layer F.Fab)
      (effects (font (size 1 1) (thickness 0.15)))
    )
    (pad 1 thru_hole rect (at 0 0 270) (size 1.5 1.5) (drill 0.8) (layers *.Cu *.Mask)
      (net 19 +12V))
    (pad 3 thru_hole circle (at 5.08 0 270) (size 1.5 1.5) (drill 0.8) (layers *.Cu *.Mask)
      (net 25 OUT_B1))
    (pad 2 thru_hole circle (at 2.54 0 270) (size 1.5 1.5) (drill 0.8) (layers *.Cu *.Mask)
      (net 26 "Net-(Q22-Pad2)"))
    (model ${KISYS3DMOD}/Package_TO_SOT_THT.3dshapes/TO-92_Inline_Wide.wrl
      (at (xyz 0 0 0))
      (scale (xyz 1 1 1))
      (rotate (xyz 0 0 0))
    )
  )

  (module Package_TO_SOT_THT:TO-92_Inline_Wide (layer F.Cu) (tedit 5A02FF81) (tstamp 5BF3E6C1)
    (at 134.62 139.7 180)
    (descr "TO-92 leads in-line, wide, drill 0.75mm (see NXP sot054_po.pdf)")
    (tags "to-92 sc-43 sc-43a sot54 PA33 transistor")
    (path /5BE9C4E7)
    (fp_text reference Q26 (at 2.54 -3.56 180) (layer F.SilkS)
      (effects (font (size 1 1) (thickness 0.15)))
    )
    (fp_text value SS8050DTA (at 2.54 2.79 180) (layer F.Fab)
      (effects (font (size 1 1) (thickness 0.15)))
    )
    (fp_text user %R (at 2.54 -3.56 180) (layer F.Fab)
      (effects (font (size 1 1) (thickness 0.15)))
    )
    (fp_line (start 0.74 1.85) (end 4.34 1.85) (layer F.SilkS) (width 0.12))
    (fp_line (start 0.8 1.75) (end 4.3 1.75) (layer F.Fab) (width 0.1))
    (fp_line (start -1.01 -2.73) (end 6.09 -2.73) (layer F.CrtYd) (width 0.05))
    (fp_line (start -1.01 -2.73) (end -1.01 2.01) (layer F.CrtYd) (width 0.05))
    (fp_line (start 6.09 2.01) (end 6.09 -2.73) (layer F.CrtYd) (width 0.05))
    (fp_line (start 6.09 2.01) (end -1.01 2.01) (layer F.CrtYd) (width 0.05))
    (fp_arc (start 2.54 0) (end 0.74 1.85) (angle 20) (layer F.SilkS) (width 0.12))
    (fp_arc (start 2.54 0) (end 2.54 -2.6) (angle -65) (layer F.SilkS) (width 0.12))
    (fp_arc (start 2.54 0) (end 2.54 -2.6) (angle 65) (layer F.SilkS) (width 0.12))
    (fp_arc (start 2.54 0) (end 2.54 -2.48) (angle 135) (layer F.Fab) (width 0.1))
    (fp_arc (start 2.54 0) (end 2.54 -2.48) (angle -135) (layer F.Fab) (width 0.1))
    (fp_arc (start 2.54 0) (end 4.34 1.85) (angle -20) (layer F.SilkS) (width 0.12))
    (pad 2 thru_hole circle (at 2.54 0 270) (size 1.5 1.5) (drill 0.8) (layers *.Cu *.Mask)
      (net 2 "Net-(Q24-Pad2)"))
    (pad 3 thru_hole circle (at 5.08 0 270) (size 1.5 1.5) (drill 0.8) (layers *.Cu *.Mask)
      (net 20 OUT_B2))
    (pad 1 thru_hole rect (at 0 0 270) (size 1.5 1.5) (drill 0.8) (layers *.Cu *.Mask)
      (net 18 GND))
    (model ${KISYS3DMOD}/Package_TO_SOT_THT.3dshapes/TO-92_Inline_Wide.wrl
      (at (xyz 0 0 0))
      (scale (xyz 1 1 1))
      (rotate (xyz 0 0 0))
    )
  )

  (module Package_TO_SOT_THT:TO-92_Inline_Wide (layer F.Cu) (tedit 5A02FF81) (tstamp 5BF3E6AD)
    (at 134.62 132.08 180)
    (descr "TO-92 leads in-line, wide, drill 0.75mm (see NXP sot054_po.pdf)")
    (tags "to-92 sc-43 sc-43a sot54 PA33 transistor")
    (path /5BE9C4E0)
    (fp_text reference Q27 (at 2.54 -3.56 180) (layer F.SilkS)
      (effects (font (size 1 1) (thickness 0.15)))
    )
    (fp_text value SS8050DTA (at 2.54 2.79 180) (layer F.Fab)
      (effects (font (size 1 1) (thickness 0.15)))
    )
    (fp_arc (start 2.54 0) (end 4.34 1.85) (angle -20) (layer F.SilkS) (width 0.12))
    (fp_arc (start 2.54 0) (end 2.54 -2.48) (angle -135) (layer F.Fab) (width 0.1))
    (fp_arc (start 2.54 0) (end 2.54 -2.48) (angle 135) (layer F.Fab) (width 0.1))
    (fp_arc (start 2.54 0) (end 2.54 -2.6) (angle 65) (layer F.SilkS) (width 0.12))
    (fp_arc (start 2.54 0) (end 2.54 -2.6) (angle -65) (layer F.SilkS) (width 0.12))
    (fp_arc (start 2.54 0) (end 0.74 1.85) (angle 20) (layer F.SilkS) (width 0.12))
    (fp_line (start 6.09 2.01) (end -1.01 2.01) (layer F.CrtYd) (width 0.05))
    (fp_line (start 6.09 2.01) (end 6.09 -2.73) (layer F.CrtYd) (width 0.05))
    (fp_line (start -1.01 -2.73) (end -1.01 2.01) (layer F.CrtYd) (width 0.05))
    (fp_line (start -1.01 -2.73) (end 6.09 -2.73) (layer F.CrtYd) (width 0.05))
    (fp_line (start 0.8 1.75) (end 4.3 1.75) (layer F.Fab) (width 0.1))
    (fp_line (start 0.74 1.85) (end 4.34 1.85) (layer F.SilkS) (width 0.12))
    (fp_text user %R (at 2.54 -3.56 180) (layer F.Fab)
      (effects (font (size 1 1) (thickness 0.15)))
    )
    (pad 1 thru_hole rect (at 0 0 270) (size 1.5 1.5) (drill 0.8) (layers *.Cu *.Mask)
      (net 18 GND))
    (pad 3 thru_hole circle (at 5.08 0 270) (size 1.5 1.5) (drill 0.8) (layers *.Cu *.Mask)
      (net 20 OUT_B2))
    (pad 2 thru_hole circle (at 2.54 0 270) (size 1.5 1.5) (drill 0.8) (layers *.Cu *.Mask)
      (net 2 "Net-(Q24-Pad2)"))
    (model ${KISYS3DMOD}/Package_TO_SOT_THT.3dshapes/TO-92_Inline_Wide.wrl
      (at (xyz 0 0 0))
      (scale (xyz 1 1 1))
      (rotate (xyz 0 0 0))
    )
  )

  (module Package_TO_SOT_THT:TO-92_Inline_Wide (layer F.Cu) (tedit 5A02FF81) (tstamp 5BF3E699)
    (at 132.08 110.49 180)
    (descr "TO-92 leads in-line, wide, drill 0.75mm (see NXP sot054_po.pdf)")
    (tags "to-92 sc-43 sc-43a sot54 PA33 transistor")
    (path /5BE9C429)
    (fp_text reference Q28 (at 2.54 -3.56 180) (layer F.SilkS)
      (effects (font (size 1 1) (thickness 0.15)))
    )
    (fp_text value BC337 (at 2.54 2.79 180) (layer F.Fab)
      (effects (font (size 1 1) (thickness 0.15)))
    )
    (fp_text user %R (at 2.54 -3.56 180) (layer F.Fab)
      (effects (font (size 1 1) (thickness 0.15)))
    )
    (fp_line (start 0.74 1.85) (end 4.34 1.85) (layer F.SilkS) (width 0.12))
    (fp_line (start 0.8 1.75) (end 4.3 1.75) (layer F.Fab) (width 0.1))
    (fp_line (start -1.01 -2.73) (end 6.09 -2.73) (layer F.CrtYd) (width 0.05))
    (fp_line (start -1.01 -2.73) (end -1.01 2.01) (layer F.CrtYd) (width 0.05))
    (fp_line (start 6.09 2.01) (end 6.09 -2.73) (layer F.CrtYd) (width 0.05))
    (fp_line (start 6.09 2.01) (end -1.01 2.01) (layer F.CrtYd) (width 0.05))
    (fp_arc (start 2.54 0) (end 0.74 1.85) (angle 20) (layer F.SilkS) (width 0.12))
    (fp_arc (start 2.54 0) (end 2.54 -2.6) (angle -65) (layer F.SilkS) (width 0.12))
    (fp_arc (start 2.54 0) (end 2.54 -2.6) (angle 65) (layer F.SilkS) (width 0.12))
    (fp_arc (start 2.54 0) (end 2.54 -2.48) (angle 135) (layer F.Fab) (width 0.1))
    (fp_arc (start 2.54 0) (end 2.54 -2.48) (angle -135) (layer F.Fab) (width 0.1))
    (fp_arc (start 2.54 0) (end 4.34 1.85) (angle -20) (layer F.SilkS) (width 0.12))
    (pad 2 thru_hole circle (at 2.54 0 270) (size 1.5 1.5) (drill 0.8) (layers *.Cu *.Mask)
      (net 15 "Net-(Q28-Pad2)"))
    (pad 3 thru_hole circle (at 5.08 0 270) (size 1.5 1.5) (drill 0.8) (layers *.Cu *.Mask)
      (net 1 "Net-(Q28-Pad3)"))
    (pad 1 thru_hole rect (at 0 0 270) (size 1.5 1.5) (drill 0.8) (layers *.Cu *.Mask)
      (net 26 "Net-(Q22-Pad2)"))
    (model ${KISYS3DMOD}/Package_TO_SOT_THT.3dshapes/TO-92_Inline_Wide.wrl
      (at (xyz 0 0 0))
      (scale (xyz 1 1 1))
      (rotate (xyz 0 0 0))
    )
  )

  (module Package_TO_SOT_THT:TO-92_Inline_Wide (layer F.Cu) (tedit 5A02FF81) (tstamp 5BF3E685)
    (at 114.3 147.32)
    (descr "TO-92 leads in-line, wide, drill 0.75mm (see NXP sot054_po.pdf)")
    (tags "to-92 sc-43 sc-43a sot54 PA33 transistor")
    (path /5BE89E1E)
    (fp_text reference Q10 (at 2.54 -3.56) (layer F.SilkS)
      (effects (font (size 1 1) (thickness 0.15)))
    )
    (fp_text value SS8050DTA (at 2.54 2.79) (layer F.Fab)
      (effects (font (size 1 1) (thickness 0.15)))
    )
    (fp_arc (start 2.54 0) (end 4.34 1.85) (angle -20) (layer F.SilkS) (width 0.12))
    (fp_arc (start 2.54 0) (end 2.54 -2.48) (angle -135) (layer F.Fab) (width 0.1))
    (fp_arc (start 2.54 0) (end 2.54 -2.48) (angle 135) (layer F.Fab) (width 0.1))
